{"name":"Slow Thumb Spread","id":1,"recording":[{"data":{"data":{"currentFrameRate":57.6669,"devices":[],"gestures":[],"hands":[{"armBasis":[[-0.910868,-0.0340344,-0.411292],[-0.17772,0.931802,0.316481],[-0.372471,-0.361367,0.854798]],"armWidth":60.3872,"confidence":1,"direction":[0.143824,0.29762,-0.943788],"elbow":[-195.759,93.2484,219.031],"grabStrength":0,"id":14,"palmNormal":[0.171159,-0.946812,-0.272491],"palmPosition":[-85.3497,197.953,-47.7553],"palmVelocity":[0.263863,0.271329,0.0745479],"palmWidth":86.2309,"pinchStrength":0,"r":[[0.985755,-0.15085,-0.074371],[0.15378,0.987472,0.0353605],[0.0681052,-0.0462936,0.996604]],"s":1.09183,"sphereCenter":[-18.68,-41.8464,-102.359],"sphereRadius":256.196,"stabilizedPalmPosition":[-86.0483,198.412,-47.4927],"t":[-9.40182,-16.9807,-5.36165],"timeVisible":4.75225,"type":"left","wrist":[-100.452,185.714,0.307539]}],"id":25818,"interactionBox":{"center":[0,200,0],"size":[235.247,235.247,147.751]},"pointables":[{"bases":[[[-0.517237,0.855698,-0.015735],[0.65175,0.405741,0.640778],[-0.554697,-0.321179,0.767565]],[[-0.504504,0.862772,-0.0331654],[0.617276,0.387276,0.684827],[-0.603694,-0.325026,0.72795]],[[-0.504504,0.862772,-0.0331654],[0.818626,0.490194,0.299267],[-0.274457,-0.123832,0.953593]],[[-0.504504,0.862772,-0.0331654],[0.851886,0.503658,0.143589],[-0.140589,-0.0441881,0.989082]]],"btipPosition":[-32.2881,198.721,-81.5525],"carpPosition":[-72.8334,178.364,5.63453],"dipPosition":[-35.4063,197.741,-59.6151],"direction":[0.274457,0.123832,-0.953593],"extended":true,"handId":14,"id":140,"length":49.3905,"mcpPosition":[-72.8334,178.364,5.63453],"pipPosition":[-44.2746,193.74,-28.8024],"stabilizedTipPosition":[-33.46,199.685,-75.8166],"timeVisible":4.75225,"tipPosition":[-32.6213,198.966,-76.1741],"tipVelocity":[0.0533016,-1.92467,-0.62034],"tool":false,"touchDistance":-0.238353,"touchZone":"touching","type":0,"width":19.1908},{"bases":[[[-0.936704,-0.0706392,-0.342923],[-0.123957,0.982907,0.136122],[-0.327445,-0.170014,0.929449]],[[-0.96419,-0.0868949,-0.250573],[-0.0983234,0.994593,0.0334328],[-0.246313,-0.0568728,0.96752]],[[-0.96419,-0.0868949,-0.250573],[-0.0735816,0.995358,-0.0620374],[-0.254801,0.0413783,0.966108]],[[-0.96419,-0.0868949,-0.250573],[-0.0539403,0.989306,-0.135517],[-0.259669,0.117148,0.958566]]],"btipPosition":[-39.0968,209.316,-142.163],"carpPosition":[-81.9966,197.992,-0.317009],"dipPosition":[-43.3014,211.213,-126.642],"direction":[0.254801,-0.0413783,-0.966108],"extended":true,"handId":14,"id":141,"length":55.7317,"mcpPosition":[-59.1666,209.845,-65.1197],"pipPosition":[-49.1379,212.161,-104.513],"stabilizedTipPosition":[-41.4537,213.603,-138.65],"timeVisible":4.75225,"tipPosition":[-40.1306,210.613,-138.545],"tipVelocity":[0.129989,-5.66641,0.0174408],"tool":false,"touchDistance":-0.232936,"touchZone":"touching","type":1,"width":18.3311},{"bases":[[[-0.937383,-0.259479,-0.232345],[-0.287692,0.952843,0.0965602],[-0.196333,-0.157358,0.967828]],[[-0.948946,-0.269985,-0.163124],[-0.270494,0.962524,-0.0195123],[-0.162279,-0.025608,0.986413]],[[-0.948946,-0.269985,-0.163124],[-0.251566,0.959734,-0.125005],[-0.190305,0.0775862,0.978654]],[[-0.948946,-0.269985,-0.163124],[-0.234991,0.950048,-0.205397],[-0.21043,0.156578,0.964988]]],"btipPosition":[-63.5566,205.552,-157.185],"carpPosition":[-92.8268,198.857,-4.57489],"dipPosition":[-67.3042,208.34,-139.999],"direction":[0.190305,-0.0775862,-0.978654],"extended":true,"handId":14,"id":142,"length":63.5017,"mcpPosition":[-79.8455,209.261,-68.5666],"pipPosition":[-72.4327,210.431,-113.625],"stabilizedTipPosition":[-66.9388,209.481,-153.412],"timeVisible":4.75225,"tipPosition":[-64.6894,206.856,-153.213],"tipVelocity":[0.102135,-1.87561,0.0238115],"tool":false,"touchDistance":-0.244851,"touchZone":"touching","type":2,"width":18.0036},{"bases":[[[-0.931685,-0.350893,-0.0940024],[-0.360041,0.926367,0.110516],[-0.0483013,-0.136811,0.989419]],[[-0.926082,-0.340545,-0.162485],[-0.345804,0.938297,0.00437177],[-0.15097,-0.0602365,0.986701]],[[-0.926082,-0.340545,-0.162485],[-0.327089,0.939226,-0.104246],[-0.188111,0.0433937,0.981189]],[[-0.926082,-0.340545,-0.162485],[-0.309878,0.932117,-0.187436],[-0.215285,0.123231,0.968745]]],"btipPosition":[-85.7693,204.137,-151.364],"carpPosition":[-103.78,196.786,-7.93678],"dipPosition":[-89.5813,206.319,-134.211],"direction":[0.188111,-0.0433937,-0.981189],"extended":true,"handId":14,"id":143,"length":61.0586,"mcpPosition":[-100.912,204.908,-66.6723],"pipPosition":[-94.5198,207.458,-108.452],"stabilizedTipPosition":[-89.3077,207.971,-147.557],"timeVisible":4.75225,"tipPosition":[-87.0167,205.247,-147.403],"tipVelocity":[0.0143351,-0.358123,-0.140459],"tool":false,"touchDistance":-0.261297,"touchZone":"touching","type":3,"width":17.1315},{"bases":[[[-0.858632,-0.512576,0.00418419],[-0.503412,0.844763,0.181526],[0.0965806,-0.153758,0.983377]],[[-0.860299,-0.509588,-0.0143482],[-0.509642,0.860386,0.000183406],[-0.0122516,-0.00747026,0.999897]],[[-0.860299,-0.509588,-0.0143482],[-0.503576,0.853857,-0.131678],[-0.0793528,0.106057,0.991189]],[[-0.860299,-0.509588,-0.0143482],[-0.493178,0.839062,-0.229675],[-0.129079,0.190513,0.973162]]],"btipPosition":[-115.181,191.664,-131.696],"carpPosition":[-113.863,188.042,-9.88173],"dipPosition":[-117.289,194.776,-115.799],"direction":[0.0793528,-0.106057,-0.991189],"extended":true,"handId":14,"id":144,"length":47.8688,"mcpPosition":[-119.17,196.491,-63.9206],"pipPosition":[-118.76,196.742,-97.4269],"stabilizedTipPosition":[-118.914,194.8,-128.077],"timeVisible":4.75225,"tipPosition":[-116.158,192.677,-128],"tipVelocity":[0.623087,-1.20193,-0.0658041],"tool":false,"touchDistance":-0.276643,"touchZone":"touching","type":4,"width":15.2176}],"r":[[0.985755,-0.15085,-0.074371],[0.15378,0.987472,0.0353605],[0.0681052,-0.0462936,0.996604]],"s":1.09183,"t":[-9.40182,-16.9807,-5.36165],"timestamp":1523699909957391}},"time":1523699909994},{"data":{"data":{"currentFrameRate":57.6643,"devices":[],"gestures":[],"hands":[{"armBasis":[[-0.910643,-0.0345304,-0.411749],[-0.178122,0.931962,0.315785],[-0.37283,-0.360909,0.854835]],"armWidth":60.3872,"confidence":1,"direction":[0.14405,0.297806,-0.943696],"elbow":[-195.85,93.3745,219.061],"grabStrength":0,"id":14,"palmNormal":[0.171661,-0.946704,-0.272552],"palmPosition":[-85.3357,197.974,-47.728],"palmVelocity":[0.324809,0.620409,0.521568],"palmWidth":86.2309,"pinchStrength":0,"r":[[0.985795,-0.150666,-0.0742154],[0.153598,0.987496,0.0354929],[0.0679398,-0.0463881,0.99661]],"s":1.09154,"sphereCenter":[-19.3397,-42.555,-102.445],"sphereRadius":256.698,"stabilizedPalmPosition":[-86.0417,198.408,-47.4949],"t":[-9.38907,-16.9662,-5.34245],"timeVisible":4.78695,"type":"left","wrist":[-100.451,185.723,0.327531]}],"id":25820,"interactionBox":{"center":[0,200,0],"size":[235.247,235.247,147.751]},"pointables":[{"bases":[[[-0.517593,0.855481,-0.0158147],[0.65134,0.405932,0.641074],[-0.554846,-0.321514,0.767316]],[[-0.503177,0.863454,-0.0355098],[0.61824,0.388381,0.683329],[-0.603814,-0.321882,0.729246]],[[-0.503177,0.863454,-0.0355098],[0.819055,0.489603,0.299062],[-0.275612,-0.121397,0.953573]],[[-0.503177,0.863454,-0.0355098],[0.852691,0.502745,0.142004],[-0.140466,-0.041174,0.989229]]],"btipPosition":[-32.2453,198.447,-81.5871],"carpPosition":[-72.8309,178.384,5.66384],"dipPosition":[-35.3608,197.533,-59.6465],"direction":[0.275612,0.121397,-0.953573],"extended":true,"handId":14,"id":140,"length":49.3905,"mcpPosition":[-72.8309,178.384,5.66384],"pipPosition":[-44.2664,193.611,-28.8344],"stabilizedTipPosition":[-33.4539,199.667,-75.8257],"timeVisible":4.78695,"tipPosition":[-32.6299,198.77,-76.2132],"tipVelocity":[0.970585,-4.59707,-0.623687],"tool":false,"touchDistance":-0.238918,"touchZone":"touching","type":0,"width":19.1908},{"bases":[[[-0.936546,-0.0709898,-0.343281],[-0.124423,0.982836,0.136206],[-0.327719,-0.170275,0.929304]],[[-0.964142,-0.0873263,-0.250608],[-0.0987427,0.994555,0.0333237],[-0.246333,-0.0568745,0.967515]],[[-0.964142,-0.0873263,-0.250608],[-0.0738606,0.995298,-0.0626619],[-0.254902,0.0419049,0.966059]],[[-0.964142,-0.0873263,-0.250608],[-0.0541056,0.989158,-0.136524],[-0.259813,0.118069,0.958414]]],"btipPosition":[-39.0759,209.324,-142.121],"carpPosition":[-82.0002,198.009,-0.288527],"dipPosition":[-43.2827,211.236,-126.603],"direction":[0.254902,-0.0419049,-0.966059],"extended":true,"handId":14,"id":141,"length":55.7317,"mcpPosition":[-59.1511,209.88,-65.0811],"pipPosition":[-49.1216,212.196,-104.474],"stabilizedTipPosition":[-41.4266,213.529,-138.649],"timeVisible":4.78695,"tipPosition":[-40.0988,210.603,-138.503],"tipVelocity":[0.385178,-1.22801,0.812536],"tool":false,"touchDistance":-0.23224,"touchZone":"touching","type":1,"width":18.3311},{"bases":[[[-0.937186,-0.259844,-0.232728],[-0.288131,0.952708,0.0965788],[-0.196627,-0.157569,0.967734]],[[-0.948847,-0.270446,-0.16294],[-0.270844,0.962411,-0.0201948],[-0.162277,-0.0249694,0.986429]],[[-0.948847,-0.270446,-0.16294],[-0.252167,0.959657,-0.124383],[-0.190005,0.0769325,0.978764]],[[-0.948847,-0.270446,-0.16294],[-0.235835,0.950188,-0.203776],[-0.209934,0.154926,0.965363]]],"btipPosition":[-63.5566,205.596,-157.164],"carpPosition":[-92.8292,198.87,-4.55033],"dipPosition":[-67.2954,208.355,-139.972],"direction":[0.190005,-0.0769325,-0.978764],"extended":true,"handId":14,"id":142,"length":63.5017,"mcpPosition":[-79.8285,209.288,-68.5358],"pipPosition":[-72.4158,210.429,-113.595],"stabilizedTipPosition":[-66.9071,209.44,-153.41],"timeVisible":4.78695,"tipPosition":[-64.657,206.866,-153.186],"tipVelocity":[0.16948,0.243331,0.437918],"tool":false,"touchDistance":-0.244486,"touchZone":"touching","type":2,"width":18.0036},{"bases":[[[-0.931502,-0.351275,-0.0943955],[-0.360474,0.926201,0.110505],[-0.0486117,-0.136962,0.989383]],[[-0.925948,-0.341016,-0.16226],[-0.346076,0.938201,0.00311903],[-0.151169,-0.0590422,0.986743]],[[-0.925948,-0.341016,-0.16226],[-0.327557,0.939052,-0.104348],[-0.187955,0.0434714,0.981215]],[[-0.925948,-0.341016,-0.16226],[-0.310561,0.932053,-0.186628],[-0.214878,0.122416,0.968939]]],"btipPosition":[-85.7541,204.116,-151.348],"carpPosition":[-103.78,196.795,-7.91657],"dipPosition":[-89.5588,206.284,-134.191],"direction":[0.187955,-0.0434714,-0.981215],"extended":true,"handId":14,"id":143,"length":61.0586,"mcpPosition":[-100.894,204.925,-66.65],"pipPosition":[-94.4932,207.425,-108.431],"stabilizedTipPosition":[-89.2764,207.932,-147.555],"timeVisible":4.78695,"tipPosition":[-86.9686,205.213,-147.382],"tipVelocity":[0.366562,-0.842291,0.250765],"tool":false,"touchDistance":-0.26101,"touchZone":"touching","type":3,"width":17.1315},{"bases":[[[-0.858416,-0.51294,0.00379693],[-0.503837,0.844526,0.18145],[0.0962796,-0.153847,0.983393]],[[-0.860043,-0.510021,-0.0143044],[-0.510063,0.860137,-0.000838156],[-0.0127312,-0.00657527,0.999897]],[[-0.860043,-0.510021,-0.0143044],[-0.50401,0.8536,-0.131684],[-0.0793721,0.106045,0.991188]],[[-0.860043,-0.510021,-0.0143044],[-0.493711,0.838959,-0.228904],[-0.128747,0.189805,0.973344]]],"btipPosition":[-115.149,191.655,-131.685],"carpPosition":[-113.859,188.046,-9.86642],"dipPosition":[-117.252,194.755,-115.785],"direction":[0.0793721,-0.106045,-0.991188],"extended":true,"handId":14,"id":144,"length":47.8688,"mcpPosition":[-119.15,196.501,-63.9062],"pipPosition":[-118.723,196.721,-97.4125],"stabilizedTipPosition":[-118.858,194.759,-128.076],"timeVisible":4.78695,"tipPosition":[-116.101,192.666,-127.988],"tipVelocity":[0.843422,-0.616062,0.158764],"tool":false,"touchDistance":-0.276441,"touchZone":"touching","type":4,"width":15.2176}],"r":[[0.985795,-0.150666,-0.0742154],[0.153598,0.987496,0.0354929],[0.0679398,-0.0463881,0.99661]],"s":1.09154,"t":[-9.38907,-16.9662,-5.34245],"timestamp":1523699909992085}},"time":1523699910036},{"data":{"data":{"currentFrameRate":57.664,"devices":[],"gestures":[],"hands":[{"armBasis":[[-0.910295,-0.0355199,-0.412434],[-0.179015,0.932113,0.314833],[-0.373252,-0.360423,0.854856]],"armWidth":60.3872,"confidence":1,"direction":[0.144325,0.297958,-0.943605],"elbow":[-195.969,93.5253,219.089],"grabStrength":0,"id":14,"palmNormal":[0.17267,-0.946542,-0.272475],"palmPosition":[-85.3306,198.015,-47.696],"palmVelocity":[0.148131,0.534831,0.475949],"palmWidth":86.2309,"pinchStrength":0,"r":[[0.985947,-0.149906,-0.0737382],[0.152827,0.987609,0.0356825],[0.0674755,-0.0464503,0.996639]],"s":1.0906,"sphereCenter":[-20.4288,-43.3349,-102.466],"sphereRadius":257.143,"stabilizedPalmPosition":[-86.0325,198.403,-47.4977],"t":[-9.3811,-16.9231,-5.30934],"timeVisible":4.85632,"type":"left","wrist":[-100.462,185.75,0.350538]}],"id":25824,"interactionBox":{"center":[0,200,0],"size":[235.247,235.247,147.751]},"pointables":[{"bases":[[[-0.518354,0.855015,-0.016093],[0.650604,0.406503,0.641459],[-0.554999,-0.322032,0.766989]],[[-0.501361,0.864348,-0.039242],[0.619838,0.390439,0.680704],[-0.603687,-0.316955,0.731506]],[[-0.501361,0.864348,-0.039242],[0.820586,0.48938,0.295205],[-0.274364,-0.115803,0.954628]],[[-0.501361,0.864348,-0.039242],[0.854938,0.50186,0.131214],[-0.133108,-0.0322361,0.990577]]],"btipPosition":[-32.463,197.886,-81.7193],"carpPosition":[-72.839,178.435,5.70259],"dipPosition":[-35.4152,197.171,-59.7488],"direction":[0.274364,0.115803,-0.954628],"extended":true,"handId":14,"id":140,"length":49.3905,"mcpPosition":[-72.839,178.435,5.70259],"pipPosition":[-44.2806,193.429,-28.9026],"stabilizedTipPosition":[-33.4414,199.615,-75.8499],"timeVisible":4.85632,"tipPosition":[-32.8071,198.374,-76.329],"tipVelocity":[-3.16741,-11.2654,-2.96757],"tool":false,"touchDistance":-0.241006,"touchZone":"touching","type":0,"width":19.1908},{"bases":[[[-0.936284,-0.071825,-0.343822],[-0.125387,0.98272,0.136157],[-0.328101,-0.170592,0.929111]],[[-0.964169,-0.0883629,-0.250139],[-0.099138,0.994597,0.030784],[-0.246067,-0.0544792,0.967721]],[[-0.964169,-0.0883629,-0.250139],[-0.074597,0.995157,-0.0640081],[-0.254583,0.0430551,0.966092]],[[-0.964169,-0.0883629,-0.250139],[-0.0551305,0.989052,-0.136886],[-0.259496,0.118191,0.958485]]],"btipPosition":[-39.0948,209.264,-142.084],"carpPosition":[-82.0226,198.052,-0.254596],"dipPosition":[-43.2966,211.177,-126.564],"direction":[0.254583,-0.0430551,-0.966092],"extended":true,"handId":14,"id":141,"length":55.7317,"mcpPosition":[-59.1468,209.946,-65.0337],"pipPosition":[-49.1281,212.164,-104.435],"stabilizedTipPosition":[-41.3927,213.435,-138.646],"timeVisible":4.85632,"tipPosition":[-40.0869,210.505,-138.462],"tipVelocity":[-0.156755,-0.54765,0.517296],"tool":false,"touchDistance":-0.231617,"touchZone":"touching","type":1,"width":18.3311},{"bases":[[[-0.936818,-0.260683,-0.233275],[-0.289045,0.952446,0.096435],[-0.197043,-0.157769,0.967617]],[[-0.948645,-0.271443,-0.162453],[-0.271483,0.962183,-0.0223871],[-0.162386,-0.0228658,0.986462]],[[-0.948645,-0.271443,-0.162453],[-0.253321,0.959424,-0.123831],[-0.189474,0.0763188,0.978915]],[[-0.948645,-0.271443,-0.162453],[-0.23749,0.950344,-0.201107],[-0.208975,0.152198,0.966005]]],"btipPosition":[-63.5761,205.612,-157.146],"carpPosition":[-92.8499,198.903,-4.52262],"dipPosition":[-67.2978,208.322,-139.942],"direction":[0.189474,-0.0763188,-0.978915],"extended":true,"handId":14,"id":142,"length":63.5017,"mcpPosition":[-79.8216,209.335,-68.5004],"pipPosition":[-72.4039,210.379,-113.561],"stabilizedTipPosition":[-66.8757,209.4,-153.407],"timeVisible":4.85632,"tipPosition":[-64.6255,206.841,-153.157],"tipVelocity":[-0.608421,-0.248263,0.214463],"tool":false,"touchDistance":-0.244134,"touchZone":"touching","type":2,"width":18.0036},{"bases":[[[-0.93113,-0.352111,-0.0949407],[-0.361371,0.925873,0.110319],[-0.0490586,-0.13703,0.989351]],[[-0.925595,-0.341915,-0.162382],[-0.346721,0.937967,0.00134541],[-0.151849,-0.0575466,0.986727]],[[-0.925595,-0.341915,-0.162382],[-0.32855,0.938755,-0.103893],[-0.187959,0.0428121,0.981243]],[[-0.925595,-0.341915,-0.162382],[-0.311934,0.932029,-0.184442],[-0.214408,0.120066,0.969336]]],"btipPosition":[-85.7237,204.14,-151.332],"carpPosition":[-103.797,196.818,-7.89522],"dipPosition":[-89.5202,206.266,-134.168],"direction":[0.187959,-0.0428121,-0.981243],"extended":true,"handId":14,"id":143,"length":61.0586,"mcpPosition":[-100.884,204.953,-66.6268],"pipPosition":[-94.4547,207.39,-108.407],"stabilizedTipPosition":[-89.2129,207.853,-147.551],"timeVisible":4.85632,"tipPosition":[-86.9068,205.201,-147.36],"tipVelocity":[0.465241,0.4333,0.304479],"tool":false,"touchDistance":-0.260714,"touchZone":"touching","type":3,"width":17.1315},{"bases":[[[-0.857956,-0.513713,0.00329004],[-0.504702,0.844067,0.181179],[0.0958512,-0.153783,0.983445]],[[-0.859547,-0.510852,-0.0144709],[-0.510873,0.859653,-0.00245381],[-0.0136934,-0.0052836,0.999892]],[[-0.859547,-0.510852,-0.0144709],[-0.504818,0.853125,-0.131666],[-0.079607,0.105868,0.991189]],[[-0.859547,-0.510852,-0.0144709],[-0.494656,0.838745,-0.227643],[-0.128429,0.188512,0.973637]]],"btipPosition":[-115.102,191.647,-131.677],"carpPosition":[-113.867,188.061,-9.85108],"dipPosition":[-117.2,194.726,-115.772],"direction":[0.079607,-0.105868,-0.991189],"extended":true,"handId":14,"id":144,"length":47.8688,"mcpPosition":[-119.134,196.512,-63.8937],"pipPosition":[-118.675,196.689,-97.3998],"stabilizedTipPosition":[-118.754,194.682,-128.074],"timeVisible":4.85632,"tipPosition":[-116.028,192.65,-127.979],"tipVelocity":[0.656412,-0.0433788,0.177681],"tool":false,"touchDistance":-0.276291,"touchZone":"touching","type":4,"width":15.2176}],"r":[[0.985947,-0.149906,-0.0737382],[0.152827,0.987609,0.0356825],[0.0674755,-0.0464503,0.996639]],"s":1.0906,"t":[-9.3811,-16.9231,-5.30934],"timestamp":1523699910061458}},"time":1523699910086},{"data":{"data":{"currentFrameRate":57.6464,"devices":[],"gestures":[],"hands":[{"armBasis":[[-0.909718,-0.0368648,-0.413587],[-0.181199,0.931452,0.315537],[-0.373604,-0.361991,0.854039]],"armWidth":60.3872,"confidence":1,"direction":[0.144305,0.298375,-0.943477],"elbow":[-196.007,93.2082,218.968],"grabStrength":0,"id":14,"palmNormal":[0.174756,-0.946154,-0.272493],"palmPosition":[-85.2734,198.137,-47.5975],"palmVelocity":[1.03179,1.90038,1.64859],"palmWidth":86.2309,"pinchStrength":0,"r":[[0.986142,-0.148841,-0.0732797],[0.151747,0.987771,0.0358015],[0.0670548,-0.0464254,0.996669]],"s":1.08986,"sphereCenter":[-20.1493,-43.4643,-102.347],"sphereRadius":257.408,"stabilizedPalmPosition":[-86.0269,198.4,-47.4987],"t":[-9.33984,-16.8262,-5.23188],"timeVisible":4.90841,"type":"left","wrist":[-100.41,185.834,0.438049]}],"id":25827,"interactionBox":{"center":[0,200,0],"size":[235.247,235.247,147.751]},"pointables":[{"bases":[[[-0.520074,0.853965,-0.0163009],[0.649383,0.407735,0.641915],[-0.554819,-0.323258,0.766603]],[[-0.502323,0.863733,-0.0404627],[0.619392,0.392084,0.680165],[-0.603345,-0.3166,0.731942]],[[-0.502323,0.863733,-0.0404627],[0.819789,0.490605,0.295386],[-0.274986,-0.115209,0.954521]],[[-0.502323,0.863733,-0.0404627],[0.854766,0.503086,0.127591],[-0.130561,-0.0295058,0.991001]]],"btipPosition":[-32.4516,197.929,-81.6422],"carpPosition":[-72.7751,178.574,5.80622],"dipPosition":[-35.3474,197.274,-59.6623],"direction":[0.274986,0.115209,-0.954521],"extended":true,"handId":14,"id":140,"length":49.3905,"mcpPosition":[-72.7751,178.574,5.80622],"pipPosition":[-44.2328,193.552,-28.8195],"stabilizedTipPosition":[-33.4342,199.568,-75.8691],"timeVisible":4.90841,"tipPosition":[-32.8008,198.429,-76.2642],"tipVelocity":[0.418369,-0.0981243,0.984658],"tool":false,"touchDistance":-0.239685,"touchZone":"touching","type":0,"width":19.1908},{"bases":[[[-0.935924,-0.0736755,-0.34441],[-0.127461,0.982446,0.136209],[-0.32833,-0.17138,0.928886]],[[-0.963949,-0.0903631,-0.250272],[-0.101145,0.994403,0.0305327],[-0.246113,-0.0547459,0.967694]],[[-0.963949,-0.0903631,-0.250272],[-0.0766868,0.995006,-0.063889],[-0.254796,0.0423932,0.966065]],[[-0.963949,-0.0903631,-0.250272],[-0.0572772,0.988987,-0.136473],[-0.259848,0.117218,0.958509]]],"btipPosition":[-39.0386,209.482,-141.966],"carpPosition":[-81.9947,198.173,-0.15406],"dipPosition":[-43.2461,211.38,-126.446],"direction":[0.254796,-0.0423932,-0.966065],"extended":true,"handId":14,"id":141,"length":55.7317,"mcpPosition":[-59.103,210.122,-64.9175],"pipPosition":[-49.0825,212.351,-104.317],"stabilizedTipPosition":[-41.3772,213.394,-138.643],"timeVisible":4.90841,"tipPosition":[-40.0188,210.684,-138.343],"tipVelocity":[0.914975,3.45516,1.96583],"tool":false,"touchDistance":-0.229656,"touchZone":"touching","type":1,"width":18.3311},{"bases":[[[-0.936143,-0.262549,-0.233888],[-0.291033,0.951846,0.0963818],[-0.197321,-0.158296,0.967474]],[[-0.948157,-0.27352,-0.161815],[-0.273189,0.961642,-0.024734],[-0.162374,-0.0207544,0.986511]],[[-0.948157,-0.27352,-0.161815],[-0.255612,0.958909,-0.123109],[-0.188839,0.0753644,0.979112]],[[-0.948157,-0.27352,-0.161815],[-0.240337,0.950277,-0.19802],[-0.207932,0.148864,0.966749]]],"btipPosition":[-63.5652,205.736,-157.063],"carpPosition":[-92.8211,199.003,-4.42867],"dipPosition":[-67.2683,208.387,-139.846],"direction":[0.188839,-0.0753644,-0.979112],"extended":true,"handId":14,"id":142,"length":63.5017,"mcpPosition":[-79.7745,209.47,-68.397],"pipPosition":[-72.3573,210.418,-113.46],"stabilizedTipPosition":[-66.8599,209.38,-153.406],"timeVisible":4.90841,"tipPosition":[-64.5614,206.926,-153.063],"tipVelocity":[0.0721287,1.63848,1.39569],"tool":false,"touchDistance":-0.242707,"touchZone":"touching","type":2,"width":18.0036},{"bases":[[[-0.930356,-0.353984,-0.0955629],[-0.363314,0.925124,0.110217],[-0.0493925,-0.137261,0.989303]],[[-0.924866,-0.343861,-0.162429],[-0.348472,0.937319,-0.00010726],[-0.152284,-0.0565027,0.98672]],[[-0.924866,-0.343861,-0.162429],[-0.330564,0.938072,-0.103672],[-0.188019,0.0421898,0.981259]],[[-0.924866,-0.343861,-0.162429],[-0.314226,0.93156,-0.182915],[-0.214209,0.118132,0.969618]]],"btipPosition":[-85.6523,204.238,-151.247],"carpPosition":[-103.762,196.897,-7.80831],"dipPosition":[-89.4453,206.33,-134.078],"direction":[0.188019,-0.0421898,-0.981259],"extended":true,"handId":14,"id":143,"length":61.0586,"mcpPosition":[-100.829,205.045,-66.537],"pipPosition":[-94.3813,207.438,-108.317],"stabilizedTipPosition":[-89.1785,207.812,-147.548],"timeVisible":4.90841,"tipPosition":[-86.8039,205.272,-147.27],"tipVelocity":[1.04727,1.86343,1.40174],"tool":false,"touchDistance":-0.259284,"touchZone":"touching","type":3,"width":17.1315},{"bases":[[[-0.856916,-0.51545,0.00269177],[-0.506523,0.843019,0.180978],[0.0955545,-0.15372,0.983483]],[[-0.858464,-0.512667,-0.0146056],[-0.512673,0.858577,-0.00360577],[-0.0143885,-0.00439245,0.999887]],[[-0.858464,-0.512667,-0.0146056],[-0.506621,0.852086,-0.131474],[-0.0798477,0.105467,0.991212]],[[-0.858464,-0.512667,-0.0146056],[-0.496561,0.837946,-0.226437],[-0.128326,0.187136,0.973916]]],"btipPosition":[-115.005,191.702,-131.604],"carpPosition":[-113.813,188.119,-9.77156],"dipPosition":[-117.101,194.759,-115.695],"direction":[0.0798477,-0.105467,-0.991212],"extended":true,"handId":14,"id":144,"length":47.8688,"mcpPosition":[-119.064,196.567,-63.8163],"pipPosition":[-118.581,196.714,-97.3223],"stabilizedTipPosition":[-118.697,194.641,-128.073],"timeVisible":4.90841,"tipPosition":[-115.904,192.694,-127.905],"tipVelocity":[1.63481,0.933403,1.22171],"tool":false,"touchDistance":-0.275064,"touchZone":"touching","type":4,"width":15.2176}],"r":[[0.986142,-0.148841,-0.0732797],[0.151747,0.987771,0.0358015],[0.0670548,-0.0464254,0.996669]],"s":1.08986,"t":[-9.33984,-16.8262,-5.23188],"timestamp":1523699910113551}},"time":1523699910151},{"data":{"data":{"currentFrameRate":57.6532,"devices":[],"gestures":[],"hands":[{"armBasis":[[-0.90927,-0.0382825,-0.414442],[-0.182511,0.931591,0.31437],[-0.374055,-0.361487,0.854055]],"armWidth":60.3872,"confidence":1,"direction":[0.144517,0.299344,-0.943137],"elbow":[-196.103,93.3589,219.004],"grabStrength":0,"id":14,"palmNormal":[0.176322,-0.945679,-0.273133],"palmPosition":[-85.2388,198.219,-47.545],"palmVelocity":[0.676138,1.61526,1.03228],"palmWidth":86.2309,"pinchStrength":0,"r":[[0.986378,-0.147512,-0.072796],[0.150423,0.987957,0.03625],[0.066572,-0.0467064,0.996688]],"s":1.08959,"sphereCenter":[-19.7496,-42.7671,-102.285],"sphereRadius":256.903,"stabilizedPalmPosition":[-86.0213,198.399,-47.4991],"t":[-9.29824,-16.7382,-5.1675],"timeVisible":4.96042,"type":"left","wrist":[-100.39,185.855,0.470263]}],"id":25830,"interactionBox":{"center":[0,200,0],"size":[235.247,235.247,147.751]},"pointables":[{"bases":[[[-0.521308,0.853219,-0.0159726],[0.648347,0.408164,0.642688],[-0.554873,-0.324683,0.765961]],[[-0.503577,0.86302,-0.0400844],[0.61832,0.39242,0.680946],[-0.6034,-0.318123,0.731236]],[[-0.503577,0.86302,-0.0400844],[0.818885,0.491584,0.296265],[-0.275388,-0.116368,0.954264]],[[-0.503577,0.86302,-0.0400844],[0.8539,0.504239,0.128833],[-0.131397,-0.030649,0.990856]]],"btipPosition":[-32.3912,198.121,-81.5519],"carpPosition":[-72.7487,178.632,5.8516],"dipPosition":[-35.3055,197.441,-59.5752],"direction":[0.275388,0.116368,-0.954264],"extended":true,"handId":14,"id":140,"length":49.3905,"mcpPosition":[-72.7487,178.632,5.8516],"pipPosition":[-44.2039,193.681,-28.7408],"stabilizedTipPosition":[-33.4294,199.545,-75.878],"timeVisible":4.96042,"tipPosition":[-32.7576,198.591,-76.186],"tipVelocity":[0.884655,3.1496,1.56974],"tool":false,"touchDistance":-0.238193,"touchZone":"touching","type":0,"width":19.1908},{"bases":[[[-0.935579,-0.0747628,-0.345113],[-0.128987,0.98215,0.13691],[-0.328717,-0.172606,0.928522]],[[-0.963788,-0.0916679,-0.250418],[-0.102577,0.994247,0.0308369],[-0.246151,-0.0554075,0.967646]],[[-0.963788,-0.0916679,-0.250418],[-0.0779671,0.994892,-0.0641163],[-0.255017,0.0422702,0.966012]],[[-0.963788,-0.0916679,-0.250418],[-0.0584305,0.988834,-0.137089],[-0.260189,0.117493,0.958383]]],"btipPosition":[-38.9976,209.642,-141.881],"carpPosition":[-81.9928,198.222,-0.0992739],"dipPosition":[-43.2106,211.544,-126.363],"direction":[0.255017,-0.0422702,-0.966012],"extended":true,"handId":14,"id":141,"length":55.7317,"mcpPosition":[-59.0741,210.257,-64.8373],"pipPosition":[-49.052,212.512,-104.235],"stabilizedTipPosition":[-41.3598,213.352,-138.639],"timeVisible":4.96042,"tipPosition":[-39.9641,210.819,-138.258],"tipVelocity":[0.711921,2.69474,1.61292],"tool":false,"touchDistance":-0.228241,"touchZone":"touching","type":1,"width":18.3311},{"bases":[[[-0.935599,-0.263725,-0.234743],[-0.292487,0.951343,0.0969461],[-0.197754,-0.159362,0.967211]],[[-0.947708,-0.274839,-0.162213],[-0.274409,0.961275,-0.0254988],[-0.162939,-0.0203472,0.986426]],[[-0.947708,-0.274839,-0.162213],[-0.257009,0.958598,-0.122621],[-0.189198,0.0745191,0.979107]],[[-0.947708,-0.274839,-0.162213],[-0.241913,0.950181,-0.196558],[-0.208153,0.147038,0.966981]]],"btipPosition":[-63.4935,205.879,-156.998],"carpPosition":[-92.8175,199.04,-4.38066],"dipPosition":[-67.2005,208.498,-139.777],"direction":[0.189198,-0.0745191,-0.979107],"extended":true,"handId":14,"id":142,"length":63.5017,"mcpPosition":[-79.7422,209.577,-68.3316],"pipPosition":[-72.2992,210.506,-113.391],"stabilizedTipPosition":[-66.8439,209.361,-153.403],"timeVisible":4.96042,"tipPosition":[-64.4734,207.05,-152.996],"tipVelocity":[1.11588,2.81959,1.20668],"tool":false,"touchDistance":-0.241603,"touchZone":"touching","type":2,"width":18.0036},{"bases":[[[-0.929773,-0.355263,-0.0964869],[-0.364738,0.924505,0.11071],[-0.0498714,-0.138128,0.989158]],[[-0.924336,-0.3452,-0.162604],[-0.349459,0.936948,-0.00256647],[-0.153237,-0.054451,0.986688]],[[-0.924336,-0.3452,-0.162604],[-0.33175,0.937558,-0.104529],[-0.188534,0.0426758,0.981139]],[[-0.924336,-0.3452,-0.162604],[-0.315652,0.931166,-0.182467],[-0.214399,0.117335,0.969673]]],"btipPosition":[-85.5576,204.228,-151.196],"carpPosition":[-103.753,196.92,-7.76951],"dipPosition":[-89.3539,206.305,-134.027],"direction":[0.188534,-0.0426758,-0.981139],"extended":true,"handId":14,"id":143,"length":61.0586,"mcpPosition":[-100.792,205.12,-66.4896],"pipPosition":[-94.3035,207.426,-108.269],"stabilizedTipPosition":[-89.145,207.774,-147.545],"timeVisible":4.96042,"tipPosition":[-86.6854,205.272,-147.218],"tipVelocity":[2.04893,-1.36504,1.04694],"tool":false,"touchDistance":-0.258431,"touchZone":"touching","type":3,"width":17.1315},{"bases":[[[-0.856165,-0.5167,0.00168859],[-0.507876,0.842134,0.181307],[0.0951035,-0.154371,0.983425]],[[-0.857668,-0.513981,-0.015156],[-0.513981,0.857791,-0.00413919],[-0.0151282,-0.00423985,0.999877]],[[-0.857668,-0.513981,-0.015156],[-0.507933,0.85143,-0.130658],[-0.0800601,0.104363,0.991312]],[[-0.857668,-0.513981,-0.015156],[-0.497982,0.837594,-0.224611],[-0.12814,0.185095,0.974331]]],"btipPosition":[-114.932,191.797,-131.585],"carpPosition":[-113.789,188.13,-9.74672],"dipPosition":[-117.025,194.82,-115.669],"direction":[0.0800601,-0.104363,-0.991312],"extended":true,"handId":14,"id":144,"length":47.8688,"mcpPosition":[-119.016,196.613,-63.7882],"pipPosition":[-118.509,196.755,-97.2939],"stabilizedTipPosition":[-118.646,194.607,-128.07],"timeVisible":4.96042,"tipPosition":[-115.803,192.775,-127.883],"tipVelocity":[1.47899,1.45962,0.475295],"tool":false,"touchDistance":-0.274709,"touchZone":"touching","type":4,"width":15.2176}],"r":[[0.986378,-0.147512,-0.072796],[0.150423,0.987957,0.03625],[0.066572,-0.0467064,0.996688]],"s":1.08959,"t":[-9.29824,-16.7382,-5.1675],"timestamp":1523699910165561}},"time":1523699910199},{"data":{"data":{"currentFrameRate":57.6579,"devices":[],"gestures":[],"hands":[{"armBasis":[[-0.9091,-0.0386587,-0.41478],[-0.1831,0.931432,0.314499],[-0.374181,-0.361857,0.853843]],"armWidth":60.3872,"confidence":1,"direction":[0.144707,0.300359,-0.942785],"elbow":[-196.107,93.2646,218.956],"grabStrength":0,"id":14,"palmNormal":[0.177008,-0.945302,-0.273992],"palmPosition":[-85.1993,198.276,-47.5204],"palmVelocity":[0.864722,1.20211,0.44306],"palmWidth":86.2309,"pinchStrength":0,"r":[[0.986574,-0.146408,-0.0723601],[0.149342,0.988096,0.0369289],[0.066092,-0.0472395,0.996695]],"s":1.08912,"sphereCenter":[-19.8819,-41.1526,-102.177],"sphereRadius":255.343,"stabilizedPalmPosition":[-86.0145,198.398,-47.4993],"t":[-9.26246,-16.6742,-5.13247],"timeVisible":5.01244,"type":"left","wrist":[-100.362,185.856,0.476657]}],"id":25833,"interactionBox":{"center":[0,200,0],"size":[235.247,235.247,147.751]},"pointables":[{"bases":[[[-0.521823,0.852916,-0.0153406],[0.647843,0.407929,0.643346],[-0.554978,-0.325774,0.765422]],[[-0.503958,0.862819,-0.0396105],[0.617996,0.39224,0.681343],[-0.603413,-0.318889,0.730892]],[[-0.503958,0.862819,-0.0396105],[0.818644,0.491773,0.296618],[-0.275407,-0.117056,0.954175]],[[-0.503958,0.862819,-0.0396105],[0.853593,0.504525,0.12974],[-0.131927,-0.0315723,0.990757]]],"btipPosition":[-32.3477,198.212,-81.5203],"carpPosition":[-72.7183,178.644,5.86184],"dipPosition":[-35.2738,197.512,-59.5458],"direction":[0.275407,0.117056,-0.954175],"extended":true,"handId":14,"id":140,"length":49.3905,"mcpPosition":[-72.7183,178.644,5.86184],"pipPosition":[-44.1728,193.729,-28.7143],"stabilizedTipPosition":[-33.424,199.524,-75.8862],"timeVisible":5.01244,"tipPosition":[-32.7258,198.664,-76.1614],"tipVelocity":[0.946401,2.17282,0.620407],"tool":false,"touchDistance":-0.237674,"touchZone":"touching","type":0,"width":19.1908},{"bases":[[[-0.935396,-0.0749953,-0.345557],[-0.129642,0.981936,0.137824],[-0.328978,-0.173719,0.928221]],[[-0.963779,-0.0921143,-0.250289],[-0.102971,0.994213,0.0306063],[-0.246022,-0.0552704,0.967687]],[[-0.963779,-0.0921143,-0.250289],[-0.0782815,0.99483,-0.0646933],[-0.254954,0.042757,0.966007]],[[-0.963779,-0.0921143,-0.250289],[-0.0586868,0.988707,-0.137892],[-0.260164,0.118209,0.958301]]],"btipPosition":[-38.9656,209.703,-141.835],"carpPosition":[-81.972,198.234,-0.073443],"dipPosition":[-43.1782,211.617,-126.318],"direction":[0.254954,-0.042757,-0.966007],"extended":true,"handId":14,"id":141,"length":55.7317,"mcpPosition":[-59.0351,210.346,-64.7906],"pipPosition":[-49.0182,212.597,-104.19],"stabilizedTipPosition":[-41.3454,213.319,-138.636],"timeVisible":5.01244,"tipPosition":[-39.9189,210.864,-138.212],"tipVelocity":[0.597939,1.79576,0.85698],"tool":false,"touchDistance":-0.227471,"touchZone":"touching","type":1,"width":18.3311},{"bases":[[[-0.935344,-0.264066,-0.235372],[-0.293107,0.951068,0.097765],[-0.198039,-0.160433,0.966976]],[[-0.947559,-0.27535,-0.162218],[-0.274913,0.961129,-0.0255883],[-0.162958,-0.0203493,0.986423]],[[-0.947559,-0.27535,-0.162218],[-0.257615,0.958495,-0.122155],[-0.189121,0.0739593,0.979165]],[[-0.947559,-0.27535,-0.162218],[-0.24262,0.950188,-0.195649],[-0.20801,0.146032,0.967164]]],"btipPosition":[-63.4564,205.993,-156.965],"carpPosition":[-92.7954,199.05,-4.35831],"dipPosition":[-67.1609,208.594,-139.74],"direction":[0.189121,-0.0739593,-0.979165],"extended":true,"handId":14,"id":142,"length":63.5017,"mcpPosition":[-79.7013,209.657,-68.2936],"pipPosition":[-72.2575,210.587,-113.353],"stabilizedTipPosition":[-66.8189,209.333,-153.399],"timeVisible":5.01244,"tipPosition":[-64.4129,207.146,-152.961],"tipVelocity":[0.906885,2.60515,0.642248],"tool":false,"touchDistance":-0.241036,"touchZone":"touching","type":2,"width":18.0036},{"bases":[[[-0.929518,-0.355736,-0.0972041],[-0.365347,0.924172,0.111474],[-0.050178,-0.13913,0.989002]],[[-0.924176,-0.345772,-0.162297],[-0.349581,0.93689,-0.00539887],[-0.153922,-0.0517466,0.986727]],[[-0.924176,-0.345772,-0.162297],[-0.331827,0.937228,-0.107214],[-0.189181,0.0452301,0.9809]],[[-0.924176,-0.345772,-0.162297],[-0.315725,0.930659,-0.184912],[-0.214981,0.11965,0.969261]]],"btipPosition":[-85.4585,204.071,-151.159],"carpPosition":[-103.728,196.927,-7.75357],"dipPosition":[-89.2651,206.19,-133.997],"direction":[0.189181,-0.0452301,-0.9809],"extended":true,"handId":14,"id":143,"length":61.0586,"mcpPosition":[-100.749,205.186,-66.4644],"pipPosition":[-94.2317,207.377,-108.245],"stabilizedTipPosition":[-89.1003,207.722,-147.539],"timeVisible":5.01244,"tipPosition":[-86.5629,205.161,-147.186],"tipVelocity":[1.45967,-1.27195,0.559052],"tool":false,"touchDistance":-0.25784,"touchZone":"touching","type":3,"width":17.1315},{"bases":[[[-0.855849,-0.517225,0.000841856],[-0.508462,0.841645,0.181933],[0.0948091,-0.15528,0.98331]],[[-0.857289,-0.514609,-0.0152824],[-0.514577,0.857421,-0.00628599],[-0.0163382,-0.00247504,0.999863]],[[-0.857289,-0.514609,-0.0152824],[-0.508468,0.850966,-0.131598],[-0.0807262,0.105047,0.991185]],[[-0.857289,-0.514609,-0.0152824],[-0.498579,0.837253,-0.22456],[-0.128356,0.184893,0.97434]]],"btipPosition":[-114.828,191.78,-131.572],"carpPosition":[-113.759,188.132,-9.74339],"dipPosition":[-116.925,194.801,-115.656],"direction":[0.0807262,-0.105047,-0.991185],"extended":true,"handId":14,"id":144,"length":47.8688,"mcpPosition":[-118.969,196.665,-63.7786],"pipPosition":[-118.421,196.748,-97.2838],"stabilizedTipPosition":[-118.587,194.569,-128.068],"timeVisible":5.01244,"tipPosition":[-115.676,192.783,-127.875],"tipVelocity":[1.9487,-0.042543,0.203483],"tool":false,"touchDistance":-0.274504,"touchZone":"touching","type":4,"width":15.2176}],"r":[[0.986574,-0.146408,-0.0723601],[0.149342,0.988096,0.0369289],[0.066092,-0.0472395,0.996695]],"s":1.08912,"t":[-9.26246,-16.6742,-5.13247],"timestamp":1523699910217578}},"time":1523699910251},{"data":{"data":{"currentFrameRate":57.6535,"devices":[],"gestures":[],"hands":[{"armBasis":[[-0.909024,-0.0388899,-0.414925],[-0.183361,0.93141,0.31441],[-0.374238,-0.361887,0.853805]],"armWidth":60.3872,"confidence":1,"direction":[0.144738,0.301284,-0.942486],"elbow":[-196.071,93.2701,218.93],"grabStrength":0,"id":14,"palmNormal":[0.177404,-0.944982,-0.274838],"palmPosition":[-85.1458,198.339,-47.5236],"palmVelocity":[1.03291,1.24892,-0.0374382],"palmWidth":86.2309,"pinchStrength":0,"r":[[0.986715,-0.145576,-0.0721213],[0.148554,0.988182,0.0377803],[0.0657691,-0.0479923,0.99668]],"s":1.08864,"sphereCenter":[-20.3095,-38.5441,-101.983],"sphereRadius":252.749,"stabilizedPalmPosition":[-86.0034,198.397,-47.4996],"t":[-9.21183,-16.612,-5.1275],"timeVisible":5.06448,"type":"left","wrist":[-100.311,185.869,0.459677]}],"id":25836,"interactionBox":{"center":[0,200,0],"size":[235.247,235.247,147.751]},"pointables":[{"bases":[[[-0.52214,0.852734,-0.0146325],[0.647592,0.407577,0.643821],[-0.554972,-0.326689,0.765036]],[[-0.504274,0.862668,-0.0388925],[0.617701,0.391819,0.681853],[-0.603451,-0.319816,0.730455]],[[-0.504274,0.862668,-0.0388925],[0.818435,0.491813,0.297125],[-0.275448,-0.118001,0.954046]],[[-0.504274,0.862668,-0.0388925],[0.853405,0.504728,0.130191],[-0.131942,-0.0324608,0.990726]]],"btipPosition":[-32.2916,198.325,-81.5142],"carpPosition":[-72.6656,178.663,5.84241],"dipPosition":[-35.218,197.605,-59.5404],"direction":[0.275448,0.118001,-0.954046],"extended":true,"handId":14,"id":140,"length":49.3905,"mcpPosition":[-72.6656,178.663,5.84241],"pipPosition":[-44.1183,193.792,-28.713],"stabilizedTipPosition":[-33.4161,199.499,-75.8965],"timeVisible":5.06448,"tipPosition":[-32.6797,198.751,-76.1662],"tipVelocity":[1.13515,2.24932,0.192147],"tool":false,"touchDistance":-0.237576,"touchZone":"touching","type":0,"width":19.1908},{"bases":[[[-0.935316,-0.0750264,-0.345768],[-0.130031,0.981759,0.138711],[-0.329054,-0.174699,0.928011]],[[-0.963895,-0.0923789,-0.249743],[-0.102695,0.994302,0.0285698],[-0.245681,-0.0531858,0.967891]],[[-0.963895,-0.0923789,-0.249743],[-0.0782015,0.994742,-0.0661284],[-0.254539,0.0442106,0.966051]],[[-0.963895,-0.0923789,-0.249743],[-0.0587857,0.988576,-0.138784],[-0.259711,0.119092,0.958315]]],"btipPosition":[-38.9448,209.66,-141.832],"carpPosition":[-81.9258,198.255,-0.0761926],"dipPosition":[-43.1501,211.588,-126.315],"direction":[0.254539,-0.0442106,-0.966051],"extended":true,"handId":14,"id":141,"length":55.7317,"mcpPosition":[-58.9836,210.435,-64.7786],"pipPosition":[-48.9806,212.601,-104.187],"stabilizedTipPosition":[-41.3319,213.289,-138.632],"timeVisible":5.06448,"tipPosition":[-39.8833,210.821,-138.209],"tipVelocity":[0.606863,0.0990809,0.163572],"tool":false,"touchDistance":-0.227429,"touchZone":"touching","type":1,"width":18.3311},{"bases":[[[-0.93521,-0.264198,-0.235758],[-0.293478,0.950868,0.0985986],[-0.198125,-0.1614,0.966797]],[[-0.947536,-0.275671,-0.161804],[-0.274794,0.961089,-0.0282282],[-0.16329,-0.0177155,0.986419]],[[-0.947536,-0.275671,-0.161804],[-0.257317,0.958137,-0.125545],[-0.18964,0.0773236,0.978804]],[[-0.947536,-0.275671,-0.161804],[-0.242182,0.949504,-0.199473],[-0.208622,0.149822,0.966452]]],"btipPosition":[-63.3641,205.799,-156.934],"carpPosition":[-92.7489,199.07,-4.36195],"dipPosition":[-67.0795,208.467,-139.722],"direction":[0.18964,-0.0773236,-0.978804],"extended":true,"handId":14,"id":142,"length":63.5017,"mcpPosition":[-79.649,209.742,-68.2855],"pipPosition":[-72.1901,210.551,-113.344],"stabilizedTipPosition":[-66.7814,209.292,-153.393],"timeVisible":5.06448,"tipPosition":[-64.3177,207.022,-152.944],"tipVelocity":[1.68418,-3.28618,0.547476],"tool":false,"touchDistance":-0.240572,"touchZone":"touching","type":2,"width":18.0036},{"bases":[[[-0.92937,-0.355994,-0.097674],[-0.36571,0.923932,0.112272],[-0.0502761,-0.140062,0.988865]],[[-0.924088,-0.346066,-0.162173],[-0.349867,0.936784,-0.00543206],[-0.153801,-0.0517191,0.986747]],[[-0.924088,-0.346066,-0.162173],[-0.332121,0.937118,-0.107265],[-0.189096,0.0452616,0.980915]],[[-0.924088,-0.346066,-0.162173],[-0.316028,0.930549,-0.184947],[-0.214913,0.119657,0.969275]]],"btipPosition":[-85.4133,204.144,-151.16],"carpPosition":[-103.68,196.946,-7.76084],"dipPosition":[-89.2188,206.263,-133.997],"direction":[0.189096,-0.0452616,-0.980915],"extended":true,"handId":14,"id":143,"length":61.0586,"mcpPosition":[-100.695,205.261,-66.4635],"pipPosition":[-94.1831,207.451,-108.245],"stabilizedTipPosition":[-89.0503,207.667,-147.533],"timeVisible":5.06448,"tipPosition":[-86.4934,205.222,-147.187],"tipVelocity":[1.0729,1.05223,0.0196319],"tool":false,"touchDistance":-0.25785,"touchZone":"touching","type":3,"width":17.1315},{"bases":[[[-0.855655,-0.517546,0.000233958],[-0.508805,0.841286,0.182633],[0.0947179,-0.156152,0.983181]],[[-0.857022,-